1110682.625000 1920909.625000
1743945.125000 1048315.625000
1457507.750000 614820.250000
111188.117188 1721752.750000
260615.781250 1623876.000000
671865.687500 24692.724609
23287.509766 1600212.875000
2031513.875000 1885766.625000
70428.078125 1941838.375000
529860.562500 1357455.000000
1251767.875000 1638928.125000
1432386.000000 232143.593750
1571800.500000 689700.812500
1030995.687500 1046645.125000
1282327.375000 638896.875000
1621608.875000 245526.375000
412322.843750 1218070.250000
1293842.000000 1869830.500000
1832890.500000 1405030.125000
1444099.625000 2093506.250000
881422.437500 2115965.250000
2118199.000000 904709.937500
1568694.500000 2002229.250000
642992.937500 1639122.500000
1796583.875000 1172853.500000
849093.937500 900868.250000
664298.062500 133996.343750
1133011.875000 88614.859375
823697.125000 16523.869141
1135259.875000 2106024.500000
655420.750000 609385.125000
204067.234375 1067743.625000
1827455.375000 1497909.250000
790090.500000 1512862.250000
755455.687500 86706.414062
1458884.875000 1636878.250000
55188.000000 1429600.125000
394104.468750 1623882.500000
1284345.750000 1037097.437500
1115521.375000 933446.000000
62467.289062 1964615.375000
1834314.250000 726765.375000
2098611.750000 819842.437500
815380.250000 774825.187500
836366.312500 1950640.125000
733366.062500 1491787.125000
412541.625000 937433.375000
412047.031250 92513.335938
287858.906250 1202137.500000
1605375.500000 1043314.625000
1288843.875000 916776.687500
532709.125000 1344031.875000
198893.187500 926813.562500
820430.812500 1483238.875000
1963911.000000 1935952.250000
269201.312500 2026378.250000
1753083.875000 2103515.750000
605659.937500 1704212.000000
775874.437500 1421040.125000
331553.562500 1612240.750000
1224196.750000 1064919.625000
956544.187500 1636738.250000
2002353.000000 1368591.250000
1729251.625000 142728.234375
423245.062500 1187143.500000
1186042.875000 1712089.000000
2103920.250000 1718752.000000
908637.250000 155329.750000
498081.906250 1729068.000000
1638568.750000 314509.250000
1517536.625000 1907770.000000
193403.890625 1123136.875000
1863802.000000 799063.875000
679865.187500 492192.718750
72620.390625 1011418.812500
2104433.500000 1296817.000000
2076338.375000 913493.937500
786071.687500 1931207.750000
134601.484375 367839.687500
2073936.125000 557846.500000
1554983.125000 1112495.250000
122451.851562 1511419.750000
683763.562500 1031089.062500
1666749.500000 1181845.500000
612673.500000 1157834.500000
1496354.875000 2130210.000000
918120.812500 1689758.625000
1105863.250000 634439.125000
341338.843750 1785728.500000
1126631.750000 413959.250000
649663.687500 1083581.625000
1710776.375000 578518.500000
1997075.625000 349364.375000
362242.687500 2131677.000000
717204.125000 288695.093750
542039.937500 124703.617188
1401190.375000 664491.750000
1636123.375000 2084954.000000
1695580.750000 1155389.125000
1119315.875000 160770.640625
165740.078125 468186.937500
143497.031250 1083860.875000
10461.940430 1249360.250000
1718300.000000 351800.812500
887605.125000 697448.250000
765760.062500 1537268.875000
1781029.750000 329052.750000
2115787.250000 1630621.750000
678417.062500 330546.375000
1614815.125000 1395621.125000
619241.500000 9371.347656
1520324.750000 2020431.875000
673863.125000 1008964.500000
1957902.250000 221960.296875
16870.076172 929734.312500
382730.937500 182610.140625
1397921.250000 526227.937500
1266471.000000 1408383.250000
1775588.250000 837287.500000
1760184.125000 515709.750000
1534735.750000 378460.437500
2052978.500000 1168281.875000
707513.125000 2021282.125000
651419.937500 1385930.250000
204344.906250 118751.382812
634067.750000 823586.375000
128122.734375 6908.913086
696534.562500 801985.875000
1015873.437500 506953.093750
1023946.187500 1032743.500000
1436687.500000 1406677.125000
1215353.625000 687125.062500
1932905.125000 334341.093750
2095508.375000 1561009.625000
1171628.500000 1708208.625000
2076719.500000 558880.625000
2086669.000000 1982214.375000
1727162.500000 646698.625000
1856012.875000 231098.796875
2032628.875000 2060357.750000
349850.187500 519213.000000
736460.562500 477972.937500
526121.937500 1432995.125000
1279958.750000 1541995.375000
1939948.125000 156421.265625
427255.187500 1229152.000000
1563098.375000 1642608.875000
1916277.000000 1348519.750000
1976949.875000 1864301.750000
762045.812500 1001094.875000
1425026.750000 691281.625000
1559975.375000 1364212.250000
526012.312500 1139654.250000
2010910.875000 234541.562500
1370753.125000 1896056.125000
147415.750000 1720603.250000
267785.406250 883876.312500
51092.597656 793907.312500
169387.765625 1331051.375000
188419.015625 2109336.000000
1487472.625000 615674.187500
1191004.250000 903087.375000
110799.406250 959797.687500
104123.484375 2087749.375000
676615.687500 866169.375000
941360.500000 2101642.250000
1557451.000000 353852.343750
1318371.000000 2083463.250000
1493506.750000 1181798.125000
170521.187500 716776.187500
930370.500000 317936.937500
289895.843750 1198155.875000
1201813.250000 340988.406250
1992063.250000 1371201.000000
1672039.750000 32998.566406
1333053.250000 1012028.812500
648672.750000 376573.906250
1915116.125000 759472.187500
1336371.625000 2019239.500000
699737.875000 2012987.250000
737925.312500 1641098.375000
1967146.125000 147892.609375
1994950.750000 1138033.375000
83872.226562 1340973.875000
172347.859375 254393.406250
2057750.000000 1102718.375000
572330.375000 200162.140625
153390.593750 1774143.625000
541150.562500 2145453.750000
997860.937500 65706.710938
30968.718750 183430.531250
1077735.375000 679641.500000
560004.437500 845367.937500
1439113.750000 1896376.125000
717123.875000 2138851.500000
1761879.625000 1455049.250000
1632466.250000 1581542.125000
1602941.875000 1479933.500000
572091.812500 1686814.125000
673423.562500 744439.687500
1941207.375000 583689.875000
1847158.000000 366054.156250
783852.062500 2000548.625000
2140197.750000 1325002.625000
1998518.750000 990575.000000
1390709.250000 2029487.500000
1174005.500000 320961.156250
561645.312500 1734010.000000
1166329.125000 2000759.000000
1482902.250000 1883453.000000
1992126.875000 1097298.250000
1191018.625000 1477109.500000
531356.812500 646476.812500
809559.312500 1103448.625000
185807.187500 1482982.875000
1847888.375000 2127014.750000
2066672.750000 1547562.750000
345585.156250 703041.125000
1400627.750000 338299.218750
2028043.750000 1251662.875000
1328874.250000 1271269.375000
1133666.750000 355396.093750
1592230.500000 1695312.000000
2089406.125000 611075.937500
1548587.375000 1424824.750000
347045.375000 1393230.625000
374639.437500 1538064.000000
722856.500000 905996.250000
37057.128906 1532415.875000
2009444.875000 222864.312500
867915.062500 1709849.625000
202395.312500 787104.187500
1109928.625000 547980.500000
1490145.375000 363072.625000
886279.750000 1370705.500000
1614735.500000 67670.296875
494491.218750 600918.437500
423066.375000 2086721.750000
148746.828125 364988.781250
550314.125000 1697334.125000
1789813.500000 897359.500000
943081.125000 16969.287109
287939.843750 1665937.625000
922965.500000 324996.968750
1050869.875000 784926.812500
547861.312500 1918785.000000
347292.718750 750256.562500
558405.562500 1457221.250000
1298237.000000 2048550.875000
1820294.000000 37033.160156
1271772.750000 1287545.750000
104703.453125 1766263.875000
1888464.250000 527769.812500
1705502.125000 2037211.125000
892758.562500 108332.593750
1587061.625000 535088.437500
1005692.125000 382659.125000
552057.750000 1293632.000000
2048596.875000 1475023.250000
1618628.875000 951983.062500
112466.406250 19006.560547
723284.437500 459759.093750
769263.187500 1281690.000000
1916980.375000 2067500.250000
1182757.250000 1589790.750000
2104533.500000 307046.312500
729852.875000 61753.222656
2073310.375000 470833.468750
589523.062500 1631328.750000
360560.906250 1482281.750000
1739661.250000 1947622.500000
2017370.125000 597869.812500
182798.046875 421944.218750
1891501.750000 83911.242188
1896967.500000 1362647.000000
1035894.312500 2009433.875000
1381653.625000 1759178.750000
321709.375000 3433.093018
893384.937500 91206.117188
2070933.375000 2076142.250000
1680996.875000 2027983.125000
235704.859375 263366.062500
2089736.375000 161531.515625
734199.500000 531775.750000
1792860.250000 1094760.500000
2014057.500000 1385038.000000
894899.312500 1883943.875000
1982907.750000 1077697.375000
158404.468750 1726925.875000
1161608.625000 2055372.000000
942089.250000 50019.289062
1917322.250000 176259.187500
1809198.000000 91547.953125
179692.265625 555099.312500
182754.062500 103141.968750
483757.843750 1863750.875000
2131125.000000 719462.750000
2127117.000000 2073377.750000
880994.250000 713832.812500
457669.843750 526370.875000
1808593.250000 324243.656250
1911408.875000 556008.937500
60703.886719 1746833.000000
1633706.375000 219108.359375
1326275.250000 647831.312500
126996.679688 120880.859375
697850.625000 2044319.000000
297140.031250 359564.968750
2135867.000000 476832.312500
914664.250000 171137.281250
579974.250000 1398422.125000
2034888.250000 563615.687500
2117885.000000 2014521.500000
489509.812500 851395.437500
580870.750000 947179.687500
1377766.375000 241980.343750
1271423.375000 1141691.625000
797989.312500 1332127.250000
741040.937500 284211.968750
1551235.625000 2067316.250000
932043.312500 1678232.375000
40713.421875 1629893.875000
1575067.500000 337853.437500
1989458.875000 1563450.750000
814685.750000 756639.500000
1734588.000000 1394660.125000
7577.976074 1621992.625000
1958275.750000 2125462.750000
1489030.375000 300301.906250
829374.625000 2069901.125000
1247481.625000 59657.382812
164397.859375 371421.343750
1201349.000000 962387.125000
1703548.500000 1942389.875000
1246599.125000 1107300.500000
1862222.500000 31158.779297
638049.125000 1902935.875000
1661052.625000 65633.007812
93305.718750 1503028.000000
1629083.750000 907991.500000
112183.757812 1216188.125000
155167.875000 119761.734375
690697.062500 2113443.500000
97740.937500 32243.884766
266261.906250 927115.562500
2102145.000000 1513743.500000
986773.000000 119059.257812
1885164.875000 40638.312500
1081446.375000 1441229.875000
1983028.250000 180561.875000
401046.625000 1697767.000000
211720.656250 1039095.750000
1453219.375000 1872773.375000
1104728.875000 1546525.000000
1228317.625000 586328.875000
307032.906250 1340501.375000
1802517.000000 462200.781250
1460263.125000 345730.437500
428160.781250 1558004.125000
377974.343750 694422.625000
337636.000000 332635.750000
60682.554688 1324409.000000
451695.000000 1945847.375000
1365047.250000 1533141.375000
1239593.625000 1200591.875000
1713703.250000 1640640.125000
750875.312500 1925423.875000
532252.312500 56611.031250
1650713.625000 1636981.125000
1603136.125000 731547.562500
75826.304688 1910169.000000
2072049.000000 1878343.250000
224886.140625 1384828.375000
76590.117188 653046.937500
795348.875000 454564.437500
1347469.625000 1132984.875000
787200.187500 1408152.125000
309910.218750 1238895.250000
1206515.875000 1674957.625000
624552.875000 298625.812500
728065.750000 190772.546875
1939266.000000 1478941.000000
2116196.500000 324034.656250
1535552.125000 1619426.375000
1961015.625000 991204.625000
203490.375000 2036842.000000
753889.937500 128055.703125
1767701.750000 978776.125000
1512884.125000 1844291.875000
1631823.000000 160749.343750
151372.640625 831808.937500
1293734.250000 938572.812500
92477.406250 1603644.375000
29984.355469 1298993.250000
1131118.375000 654537.250000
1597619.125000 1859184.000000
845309.812500 1389401.500000
1190641.500000 814022.625000
1713436.125000 578709.937500
285965.406250 1526968.250000
1569914.500000 489455.781250
1416326.625000 176320.828125
617511.500000 1036544.625000
1155097.000000 2130395.750000
733352.812500 639436.312500
143661.343750 884725.500000
1471245.125000 1437395.625000
1823298.250000 1563722.625000
893556.312500 1853282.750000
715232.312500 2024674.500000
360336.312500 165367.781250
1736375.000000 1205646.125000
1554769.250000 779532.812500
2019668.750000 1120721.750000
1358242.875000 158150.531250
500206.312500 780673.687500
647606.312500 1916532.875000
956994.500000 1265117.875000
805593.937500 2112091.500000
1248029.875000 1538946.875000
604044.062500 1391691.125000
276188.625000 2075289.250000
681603.000000 2099487.000000
1491528.250000 1575159.250000
1805286.000000 59276.886719
1452350.375000 18138.660156
224644.671875 1041241.625000
1223784.875000 1779413.875000
1820774.375000 1095969.875000
752652.062500 1031533.500000
1254120.500000 1252858.375000
1812207.250000 1901726.750000
1021907.625000 621718.000000
1019360.875000 1827501.625000
586325.750000 119907.023438
1218964.750000 1190369.750000
1511598.250000 1495153.375000
1118175.375000 45717.546875
1447156.750000 462219.968750
1620876.875000 1104959.125000
521496.875000 925743.562500
1123097.750000 746141.500000
1966985.250000 199398.843750
378071.812500 1640276.000000
1295368.750000 1130723.875000
524325.875000 402005.531250
236098.515625 189049.375000
156248.625000 1258006.125000
810767.375000 1175609.500000
938024.062500 1397093.125000
1295516.500000 9505.122070
439979.218750 659631.062500
1504658.500000 1558154.625000
705348.625000 804331.500000
2020374.500000 178741.859375
1909290.625000 394387.781250
1104485.375000 884904.625000
1140529.250000 923986.937500
1084303.500000 1518601.125000
416779.250000 232188.625000
501841.250000 941105.062500
634194.187500 737939.750000
1130154.500000 790442.750000
1995945.875000 1940921.875000
1966052.375000 786486.250000
1190531.375000 1114085.125000
795991.437500 1630510.500000
1773716.250000 153166.234375
1041181.437500 331581.187500
957497.812500 914072.375000
510323.000000 719304.750000
1308460.125000 1614808.500000
1604209.375000 301505.781250
391311.718750 541029.312500
1820106.875000 808090.937500
773217.937500 174464.468750
1749196.000000 1407412.125000
912404.250000 731866.875000
50371.199219 760866.437500
525305.062500 2016423.500000
1547352.750000 1715836.250000
983025.000000 195860.468750
1198863.250000 609257.625000
349026.718750 92560.984375
940838.812500 1306524.500000
1006633.375000 1451161.750000
2025829.250000 167609.843750
918486.500000 1482555.000000
469115.625000 1309798.250000
2023584.375000 141738.828125
2117889.250000 649318.562500
316203.281250 1719601.625000
2056730.625000 1228607.500000
303984.843750 2107101.750000
1989473.875000 829289.875000
1976041.750000 1389343.000000
397642.562500 811583.062500
1585203.500000 1596505.750000
1420840.750000 1934230.125000
1689066.750000 214195.781250
1093271.000000 548216.437500
1665357.625000 971616.687500
715826.312500 436360.437500
306688.062500 1184942.000000
1746158.750000 182788.750000
1326680.750000 1716564.250000
832107.312500 1642884.125000
1288682.250000 741354.375000
724007.937500 1592667.000000
700972.562500 565998.187500
274473.281250 529530.562500
1955341.250000 672115.812500
1341113.625000 1393061.125000
121137.921875 614470.625000
1179807.625000 1810204.625000
828666.437500 125595.078125
210937.437500 346540.343750
1097211.750000 926763.687500
782900.812500 1403899.750000
2111705.500000 381575.843750
1586688.625000 1290902.625000
2098140.250000 271312.250000
786303.125000 1239338.625000
1012666.625000 1510311.000000
684522.062500 1713639.125000
2076309.250000 958995.312500
95686.085938 1884166.875000
1631111.125000 1436799.750000
1129744.375000 1752249.125000
2051270.375000 162068.343750
1414970.125000 732453.187500
287663.437500 1625907.500000
1078993.500000 1384875.125000
405187.593750 1861894.250000
641291.375000 369409.562500
95986.507812 80496.304688
1660312.375000 46642.960938
351808.562500 299131.750000
1285981.750000 1364475.125000
1809442.875000 1970503.625000
930630.625000 1738268.375000
782015.375000 1026316.812500
1474951.500000 265642.906250
315632.875000 457212.250000
2017892.000000 219419.609375
619280.562500 1285378.375000
951872.812500 906944.000000
763802.312500 2030866.250000
144335.515625 1168989.875000
1745276.875000 785626.875000
1538399.500000 1841263.500000
866123.187500 1051228.000000
1887906.375000 1217931.750000
1350359.750000 1026404.437500
434923.281250 1012318.937500
849424.500000 1365554.000000
603103.625000 1631439.875000
244387.109375 2078055.125000
1897082.750000 560019.937500
387783.812500 1767491.125000
779439.562500 1007064.375000
905385.937500 1731312.375000
1914008.375000 1669188.250000
1614695.000000 2058343.875000
690694.437500 1212488.500000
696487.187500 81610.234375
906268.250000 1562610.250000
1132838.250000 646691.062500
633058.500000 335714.437500
1673095.500000 1067981.750000
1348033.250000 375036.343750
286052.125000 1951136.875000
2006476.250000 530439.250000
1881708.500000 1756075.375000
1090459.250000 122008.625000
1376082.875000 1869898.750000
1129073.000000 133985.109375
1453727.500000 895597.750000
1803173.250000 920938.937500
806458.000000 346384.093750
2133427.250000 1502945.125000
427994.343750 892211.937500
918071.812500 1560832.625000
1538903.000000 1551130.375000
1896547.125000 1064514.875000
471628.437500 1097096.750000
1439551.250000 757680.562500
900750.000000 1298543.750000
1288119.750000 634974.875000
907135.500000 231095.359375
756983.500000 135734.687500
2100994.250000 1886056.500000
269719.781250 1407238.000000
634170.562500 2072893.000000
180693.312500 1440628.625000
271793.562500 166636.984375
796090.062500 699787.875000
1058849.000000 1714161.875000
113136.867188 450268.281250
1117808.500000 2009684.000000
1514783.125000 1589436.875000
959297.000000 806850.687500
199633.906250 1860047.000000
2105394.500000 1487753.750000
347538.250000 865046.250000
1718849.000000 1104521.750000
1000781.000000 1672359.500000
843094.562500 1270500.750000
932113.937500 1477265.125000
1195910.250000 1112807.250000
770410.125000 1467703.750000
1279444.250000 1566500.125000
20008.007812 190809.546875
1133178.375000 133144.859375
641077.812500 103503.265625
2142828.750000 8377.316406
1692940.250000 954642.125000
815227.937500 1892574.250000
667205.500000 773138.812500
1232844.250000 1014743.750000
1638185.125000 804209.687500
2119265.500000 491482.406250
329085.562500 814876.500000
1761983.125000 1261199.500000
144657.984375 810409.750000
226523.140625 915068.125000
130629.859375 1505967.375000
334084.562500 150637.859375
1696777.000000 1467263.000000
283782.718750 190371.140625
1570766.250000 279127.875000
198748.453125 1116222.875000
1233770.000000 1013976.437500
861313.375000 1900975.500000
1787115.250000 2094157.625000
768235.625000 1277816.750000
750883.500000 740017.562500
1769299.125000 1079969.125000
1554894.000000 1383798.500000
193684.984375 1699552.000000
46724.644531 420208.125000
467136.375000 177354.500000
1926175.500000 801221.000000
327992.343750 1475468.750000
121000.257812 611775.125000
1665840.000000 1691766.375000
890903.000000 1864588.375000
660505.625000 2124673.000000
731081.125000 1521818.875000
1878164.875000 370712.781250
1468492.750000 498916.843750
1648529.375000 71892.703125
1238934.375000 1270344.875000
1151861.750000 646344.687500
506659.718750 1345546.875000
198413.046875 553384.312500
1765755.000000 665549.437500
730738.812500 1544446.875000
1466770.375000 1058731.250000
872432.000000 1587770.625000
1670506.250000 390788.281250
1132053.500000 413925.593750
107893.046875 1792559.125000
391114.906250 838974.187500
1166894.375000 121796.093750
1209687.000000 487903.500000
620712.937500 710732.750000
559796.250000 1859647.375000
1981077.500000 1711658.000000
358508.375000 340253.593750
909721.187500 556921.437500
893637.937500 527992.500000
1222470.875000 1624376.875000
2072439.250000 541757.625000
535624.375000 797387.625000
2129528.250000 58646.988281
1188176.000000 1114098.000000
472572.562500 1296069.000000
759173.500000 863687.500000
2135043.250000 1926067.875000
985483.562500 1197246.625000
266487.687500 1606196.500000
1907979.250000 826283.875000
1318360.250000 1741573.250000
390458.250000 1676868.625000
2081826.875000 1300179.500000
86306.375000 827981.062500
1828171.875000 1308777.250000
304874.218750 1753127.500000
1850534.875000 840498.562500
403031.625000 1832579.500000
899145.562500 1591207.500000
799193.937500 1371718.125000
739792.937500 1558367.375000
87921.984375 727352.562500
1336951.500000 1073405.625000
1924599.125000 1603439.250000
532118.437500 1685094.750000
282239.531250 1850478.750000
1279184.375000 672697.750000
1379863.625000 1213527.500000
1972877.125000 1466170.000000
2041508.625000 1653565.500000
627463.625000 198899.171875
1259209.500000 330514.781250
1039397.750000 1662241.000000
15610.628906 1938543.250000
1105965.000000 814804.562500
1162777.750000 1845758.000000
225688.312500 1250699.750000
425626.906250 1562639.875000
176621.687500 202742.437500
1018595.562500 708740.187500
1887837.250000 1300835.125000
411735.156250 1019538.062500
1973532.750000 1791598.875000
85581.898438 1798926.375000
1110285.125000 2127090.500000
1305008.125000 1737748.750000
178506.031250 416733.937500
2068263.500000 1217903.750000
2078975.000000 2083874.125000
1008963.375000 1037456.375000
751195.062500 24257.523438
735730.687500 976883.375000
1274957.250000 1161357.625000
392039.687500 1451579.000000
1364100.125000 1410635.250000
12835.448242 1104453.625000
563986.625000 424570.625000
2123991.750000 390035.843750
68685.781250 62089.960938
41478.542969 1178971.000000
41696.820312 1346486.750000
769236.062500 220202.843750
1763220.750000 690015.937500
1438106.625000 1694712.125000
626406.437500 299586.375000
584684.750000 1377601.500000
323843.906250 1320415.500000
207001.312500 1598801.125000
334289.437500 599040.937500
902896.500000 1698389.500000
2009676.125000 915731.875000
655359.562500 426179.218750
1340302.625000 631867.562500
816215.062500 1408988.250000
693957.562500 857693.562500
440475.656250 735654.375000
56696.675781 1209711.750000
955857.250000 1819917.250000
1899727.625000 246480.218750
1367145.750000 378650.500000
546066.625000 1951830.500000
1756252.000000 869910.500000
1124762.375000 1963253.375000
321228.031250 1459051.750000
414810.718750 1224124.500000
1009957.625000 277003.250000
2139856.500000 1665317.250000
703182.500000 1332675.375000
149701.171875 1519397.500000
594180.062500 843658.750000
229607.484375 1034655.687500
1579313.125000 286304.156250
96883.742188 387686.750000
2106221.500000 1996611.500000
634167.000000 1325883.625000
227778.234375 1180233.625000
1130230.500000 1984030.375000
2050144.125000 107509.234375
1799800.125000 223888.500000
1566561.000000 67127.093750
1448013.000000 429035.031250
344130.375000 1440385.750000
2094352.250000 1047312.875000
625577.562500 96569.757812
419226.781250 1219757.625000
940228.500000 648834.250000
106929.640625 372058.031250
935138.437500 203813.390625
759744.750000 893876.312500
52941.140625 1393911.625000
72276.296875 280719.406250
426661.687500 1202506.875000
117266.046875 329322.156250
1310016.000000 1917066.125000
553210.625000 729093.437500
1984193.125000 2001223.625000
1158128.500000 180839.921875
1294125.875000 1104997.125000
1228152.875000 1919703.375000
1201566.875000 1647379.625000
991977.375000 2141795.250000
148730.171875 1098907.000000
366369.687500 1083868.500000
1302720.375000 1126114.375000
1977744.875000 1355661.625000
372542.562500 2050021.250000
1636380.875000 799204.250000
1105044.375000 1753647.000000
1128526.375000 267576.781250
1523229.500000 1681737.125000
996670.187500 1359939.000000
1535477.125000 7315.058105
1540778.875000 682119.312500
1112312.125000 621448.000000
454339.031250 166395.296875
121343.890625 1446316.375000
160706.984375 270074.093750
397739.718750 527076.687500
1353942.625000 1700460.000000
1653191.125000 1184203.875000
908637.937500 2025733.625000
1086741.500000 397535.218750
677454.250000 44302.191406
3698.527100 1805980.625000
311878.968750 1526927.875000
1340234.000000 1308549.250000
739383.187500 728227.437500
1315864.375000 132678.390625
1410346.750000 280692.750000
754126.312500 1864685.750000
447088.062500 875470.250000
1163518.500000 607795.062500
1145544.375000 1561258.250000
1134871.625000 352003.312500
1114234.625000 640579.187500
1536207.250000 2022872.625000
518829.281250 475465.062500
272924.156250 1196283.500000
519767.250000 276622.687500
854780.562500 831646.250000
1803550.625000 47530.945312
2140195.500000 395450.187500
775758.375000 1308576.125000
528128.562500 38621.472656
1589268.875000 1282254.875000
1903307.250000 2036356.875000
10241.511719 919342.000000
496668.281250 1155785.875000
333116.562500 1631540.000000
1507789.125000 1447351.125000
124635.601562 896512.750000
1322740.250000 643464.875000
1371977.875000 1595664.375000
1839748.500000 1891745.000000
1872287.125000 547045.312500
575907.687500 1528354.000000
594576.250000 568619.500000
1923804.125000 1370334.750000
1877195.500000 304449.093750
1408956.125000 1318980.750000
1586704.000000 1164779.625000
1207854.000000 1596945.500000
2084121.750000 1704522.250000
605247.687500 269754.687500
1188578.750000 2113036.750000
1717105.875000 1313214.375000
862066.000000 892362.437500
1956679.125000 86560.148438
340543.125000 1648943.875000
1978305.250000 65346.539062
48505.601562 406729.281250
1593700.625000 643081.875000
975348.750000 1370021.125000
2013416.625000 705060.687500
1674470.125000 1274889.125000
2024041.500000 1113690.500000
292185.093750 1084411.750000
563152.375000 228823.187500
641450.500000 1168400.125000
498577.843750 1830029.125000
1133953.250000 68200.125000
995759.812500 1996019.250000
960562.562500 804955.312500
2082579.375000 1301105.625000
306415.593750 1913401.000000
1366452.250000 354921.187500
172646.593750 812669.187500
998003.062500 1147995.375000
35206.609375 863935.937500
1853056.000000 1709676.750000
2138825.000000 1729613.875000
675883.625000 283526.437500
666542.062500 1239036.000000
512349.593750 1307992.625000
259952.484375 1010927.500000
990538.125000 1393905.750000
1079127.500000 1986297.875000
1242441.375000 2039690.125000
643769.562500 1177537.000000
1193312.250000 950185.125000
943454.375000 412280.843750
1305106.250000 1116101.000000
1224950.000000 155625.765625
116612.718750 1260156.500000
1019561.750000 1969668.750000
822349.687500 1010903.062500
1551799.000000 1498233.375000
1294429.500000 70857.437500
589785.812500 1806779.000000
1378850.000000 849738.312500
670222.937500 221904.453125
96160.375000 1749350.500000
60718.695312 1338601.750000
1641557.000000 704488.250000
368655.125000 687385.625000
1654673.375000 1312109.625000
1099666.375000 812296.125000
280726.906250 177132.734375
967921.875000 397339.625000
1437289.375000 1987483.500000
219524.765625 112155.390625
850903.000000 1771323.750000
1610388.750000 2145332.250000
1842181.250000 52690.949219
1804627.875000 1073547.625000
902429.250000 327367.062500
1295452.000000 998589.625000
2076717.625000 1356170.750000
189707.687500 1570790.875000
2060659.000000 558362.812500
110692.882812 1567848.750000
1870472.375000 1210359.250000
232661.171875 3715.635010
1387492.000000 1200583.000000
401055.250000 677297.687500
1040582.937500 620580.062500
789453.125000 1891486.000000
244420.156250 252358.234375
1889334.625000 2086601.375000
305049.187500 1546478.875000
1012665.250000 1207478.375000
1873845.875000 160633.640625
58584.367188 1803079.750000
1516804.375000 248292.046875
1226387.125000 1429979.625000
806654.875000 1337079.875000
850344.750000 529643.562500
399955.625000 1083006.000000
533359.250000 1787447.625000
136105.296875 934414.437500
317261.687500 1176688.250000
1554994.500000 1106714.750000
920690.500000 1799414.625000
1359073.000000 662541.500000
1738532.375000 1664122.250000
61536.679688 603714.062500
724116.937500 1935382.500000
764347.625000 782701.312500
1590978.750000 133668.390625
1030993.375000 669882.187500
1563648.000000 1837648.250000
2006962.125000 266509.156250
219808.171875 259434.125000
1349515.000000 753167.375000
2046881.750000 1485620.375000
1687581.875000 216659.812500
514824.937500 1095092.750000
1323374.625000 1435515.375000
747023.750000 534963.937500
2098057.000000 338072.500000
51602.484375 12109.926758
941786.562500 775719.437500
1947492.500000 1706134.125000
1558420.750000 1390987.625000
1839802.625000 441930.500000
2060869.750000 1255967.000000
132095.078125 1920348.250000
1522476.125000 351903.250000
32298.804688 724507.562500
1105070.625000 2079180.500000
62644.265625 645168.875000
148356.718750 577469.187500
1740261.625000 1471731.375000
2012984.625000 339801.718750
2006695.250000 1963557.875000
677874.250000 2058297.750000
1975667.875000 1619660.750000
686533.500000 1775676.625000
1178311.250000 97470.640625
1019180.625000 870630.250000
539401.125000 932566.812500
2126597.250000 671496.187500
705431.437500 1501589.750000
1023399.500000 737730.250000
78613.679688 2128470.250000
669427.125000 141257.953125
626155.312500 817783.875000
718727.187500 218933.296875
142031.531250 584228.125000
558735.062500 1243.128052
400302.312500 1236609.250000
2059540.875000 228486.437500
708786.375000 598590.750000
2004163.125000 1887097.750000
696061.375000 875860.062500
610244.375000 1235462.500000
1808426.750000 589357.937500
