1804289.375000 846930.875000
1681692.750000 1714636.875000
1957747.875000 424238.343750
719885.375000 1649760.500000
596516.687500 1189641.500000
1025202.375000 1350490.000000
783368.687500 1102520.125000
2044897.750000 1967514.000000
1365180.500000 1540383.500000
304089.187500 1303455.750000
35005.210938 521595.375000
294702.562500 1726956.375000
336465.781250 861021.500000
278722.843750 233665.125000
2145174.000000 468703.125000
1101514.000000 1801979.750000
1315634.000000 635723.062500
1369133.000000 1125898.125000
1059961.375000 2089018.500000
628175.062500 1656478.125000
1131176.250000 1653377.375000
859484.437500 1914544.875000
608413.750000 756898.562500
1734575.250000 1973594.375000
149798.312500 2038664.375000
1129566.500000 184803.515625
412776.093750 1424268.875000
1911760.000000 749241.875000
137806.859375 42999.167969
982907.000000 135497.281250
511702.312500 2084420.875000
1937477.125000 1827336.375000
572660.375000 1159126.500000
805750.875000 1632621.750000
1100661.375000 1433925.875000
1141616.125000 84353.898438
939819.562500 2001100.500000
1998898.875000 1548233.375000
610515.437500 1585990.375000
1374344.125000 760313.750000
1477171.125000 356426.812500
945117.250000 1889947.125000
1780695.750000 709393.625000
491705.406250 1918502.625000
752392.750000 1474612.375000
2053999.875000 1264095.125000
1411549.750000 1843993.375000
943947.687500 1984210.000000
855636.250000 1749698.500000
1469348.125000 1956297.625000
1036140.812500 463480.562500
2040651.375000 1975960.375000
317097.468750 1892066.500000
1376710.125000 927612.937500
1330573.250000 603570.500000
1687926.625000 660260.750000
959997.312500 485560.281250
402724.281250 593209.500000
1194953.875000 894429.687500
364228.437500 1947346.500000
221558.437500 270744.750000
1063958.000000 1633108.125000
2114738.000000 2007905.750000
1469834.500000 822890.687500
1610120.750000 791698.937500
631704.562500 498777.843750
1255179.500000 524872.375000
327254.593750 1572277.000000
269455.281250 1703964.625000
352406.218750 1600028.625000
160051.515625 2040332.875000
112805.726562 1120048.750000
378409.500000 515530.031250
1713258.250000 1573363.375000
1409959.625000 2077486.750000
1373226.375000 1631518.250000
200747.796875 289700.750000
1117142.625000 168002.234375
150122.843750 439493.437500
990892.937500 1760243.625000
1231192.375000 1622597.500000
111537.757812 338888.218750
2147469.750000 438792.343750
1911165.125000 269441.500000
2142757.000000 116087.757812
1869470.125000 155324.906250
8936.987305 1982275.875000
1275373.750000 387346.500000
350322.250000 841148.375000
1960709.875000 1760282.000000
771151.437500 1186452.625000
1244316.375000 971899.187500
1476153.250000 213975.406250
1139901.500000 1626276.125000
653468.875000 2130794.250000
1239036.000000 1884661.250000
1605908.250000 1350573.875000
76065.812500 1605894.375000
1789366.125000 1987231.000000
1875335.875000 1784639.500000
